image_width: 640
image_height: 480
distortion_model: rational_polynomial
camera_name: camera
camera_matrix:
  rows: 3
  cols: 3
  data: [ 887.795, 0, 326.869, 0, 890.542, 243.56, 0, 0, 1, ]
distortion_coefficients:
  rows: 1
  cols: 14
  data: [ -34.7267, 311.181, -0.000922219, -0.000296017, -69.4593, -34.3775, 299.134, 36.4801, 0, 0, 0, 0, 0, 0, ]
rectification_matrix:
  rows: 3
  cols: 3
  data: [ 1, 0, 0, 0, 1, 0, 0, 0, 1, ]
projection_matrix:
  rows: 3
  cols: 4
  data: [ 887.795, 0, 326.869, 0, 0, 890.542, 243.56, 0, 0, 0, 1, 0, ]
